image_width: 640
image_height: 480
camera_name: camera_right
camera_matrix:
  rows: 3
  cols: 3
  data: [610.6983242753197, 0, 295.0679317005376, 0, 610.5486226518844, 239.9096365169772, 0, 0, 1]
distortion_model: plumb_bob
distortion_coefficients:
  rows: 1
  cols: 5
  data: [0.04040490524529217, -0.3034080363657579, -0.002151410515560728, -0.01048462097431213, 0]
rectification_matrix:
  rows: 3
  cols: 3
  data: [0.9971799956227716, -0.01514601581729425, -0.0735027518847539, 0.0130859548139109, 0.9995101800897462, -0.02842811431613713, 0.07389732144251034, 0.02738609321946727, 0.9968897570854045]
projection_matrix:
  rows: 3
  cols: 4
  data: [651.2604929444119, 0, 347.6628112792969, -65.47091473431786, 0, 651.2604929444119, 243.5513744354248, 0, 0, 0, 1, 0]