image_width: 640
image_height: 480
camera_name: camera_left
camera_matrix:
  rows: 3
  cols: 3
  data: [607.044076952311, 0, 297.0040497224582, 0, 604.0838219596336, 250.2178406611631, 0, 0, 1]
distortion_model: plumb_bob
distortion_coefficients:
  rows: 1
  cols: 5
  data: [-0.01991948242066606, -0.02775515068805849, -0.0038499910613705, -0.01183243381794933, 0]
rectification_matrix:
  rows: 3
  cols: 3
  data: [0.9958240073583626, 0.01179755638931022, -0.09052824991113559, -0.00926213774688546, 0.9995544050794578, 0.02837611831468462, 0.09082267983873681, -0.02741913473274286, 0.995489543831284]
projection_matrix:
  rows: 3
  cols: 4
  data: [651.2604929444119, 0, 347.6628112792969, 0, 0, 651.2604929444119, 243.5513744354248, 0, 0, 0, 1, 0]