image_width: 640
image_height: 480
camera_name: camera
camera_matrix:
  rows: 3
  cols: 3
  data: [582.7775802992247, 0, 311.6859398711437, 0, 580.8376807520034, 242.004997, 0, 0, 1]
distortion_model: plumb_bob
distortion_coefficients:
  rows: 1
  cols: 5
  data: [0.050251, -0.293336, -0.001696, -0.000159, 0.000000]
rectification_matrix:
  rows: 3
  cols: 3
  data: [0.999252, -0.019372, 0.033466, 0.018961, 0.999741, 0.012559, -0.033700, -0.011915, 0.999361]
projection_matrix:
  rows: 3
  cols: 4
  data: [494.6373026601465, 0, 272.9442329406738, 0, 0, 494.6373026601465, 248.702205657959, 0, 0, 0, 1, 0]







