image_width: 640
image_height: 480
camera_name: camera
camera_matrix:
  rows: 3
  cols: 3
  data: [582.7775802992247, 0, 311.6859398711437, 0, 580.8376807520034, 256.3266732337835, 0, 0, 1]
distortion_model: plumb_bob
distortion_coefficients:
  rows: 1
  cols: 5
  data: [-0.03654622240771733, -0.1022964145592028, -4.856314964884052e-07, -0.004912676627185874, 0]
rectification_matrix:
  rows: 3
  cols: 3
  data: [0.9975746627497637, -0.04161598569083406, 0.05579338647793115, 0.04229615772293815, 0.9990438378524645, -0.01106549099203647, -0.05527953763891153, 0.01339849931890872, 0.9983810159124769]
projection_matrix:
  rows: 3
  cols: 4
  data: [494.6373026601465, 0, 272.9442329406738, -50.45653648390667, 0, 494.6373026601465, 248.702205657959, 0, 0, 0, 1, 0]